-145.214948 13.097367
-135.305240 13.134682
-133.680781 12.637635
-131.303676 12.151655
-130.622573 12.031051
-130.195619 11.938283
-129.945782 11.884131
-129.824756 11.857282
-126.208452 11.215291
-126.144107 11.203798
-126.020531 11.198904
-124.231064 10.815457
-119.988386 9.557837
-116.749770 8.332064
-115.802499 8.005684
-115.755960 7.988986
-113.711045 7.382176
-111.646634 6.819818
-111.570099 6.800549
-110.294144 6.477407
-109.222879 6.186084
-107.457046 5.834886
-105.185814 5.437455
-103.996618 5.319409
-103.670676 5.314927
-103.378135 5.309790
-101.221977 5.206132
-100.306083 5.105968
-98.854898 4.948252
-97.013030 4.514174
-96.366597 4.330975
-94.268816 3.940568
-93.268693 3.848591
-91.768559 3.830403
-87.424162 4.233078
-86.423011 4.326592
-82.939169 4.293970
-82.342480 4.206666
-80.645985 3.689942
-78.539503 2.888835
-77.541730 2.395484
-76.127050 1.820448
-75.305866 1.461511
