6.3098827337e+01 4.5115288785e+01 6.4503988896e-15 2.7039873850e-01
6.6481516026e+01 4.5222626391e+01 6.3884298261e-15 4.9376989217e+00
6.9826638669e+01 4.5602337079e+01 6.2963268509e-15 7.8536159420e+00
7.5746027920e+01 4.6309158918e+01 6.3511057450e-15 1.0262833250e+01
7.8826156622e+01 4.6769367780e+01 6.2595977181e-15 9.8869265097e+00
8.3757819625e+01 4.6866615725e+01 5.9554488310e-15 -4.6146920697e+00
8.9401672341e+01 4.5340556058e+01 5.6478946121e-15 -1.1370131076e+01
9.4486725667e+01 4.4031660750e+01 5.0590533442e-15 -7.1991684125e+00
9.9365785619e+01 4.2695897727e+01 4.7860911201e-15 -6.3088028864e+00
1.0373171915e+02 4.1838011603e+01 4.5323415848e-15 6.0662518384e+00
1.0840608224e+02 4.2126218026e+01 4.6034435771e-15 1.7931181265e+01
1.1214804429e+02 4.2458818628e+01 4.6636103882e-15 1.2607159647e+01
1.1620128071e+02 4.2501462395e+01 4.7400909719e-15 1.6322108463e+01
1.2057225312e+02 4.2418708597e+01 4.8861131185e-15 -1.0540485117e+01
1.2209082368e+02 4.1558293720e+01 4.7347011649e-15 -2.2539321005e+01
