1.1287206247e+02 4.1817108033e+01 4.6648925153e-15 2.4975200987e+00
1.1824600607e+02 4.1052393897e+01 4.7649170241e-15 3.7168896347e+00
1.2127560134e+02 4.0708413434e+01 4.7750547665e-15 4.7251319744e+00
1.2473928456e+02 4.0532110226e+01 4.8095790435e-15 1.1941497350e+01
1.2831813560e+02 4.0638056892e+01 4.9177313344e-15 3.7941378086e+00
1.3175404971e+02 4.0118199513e+01 5.0621168331e-15 9.1376716150e+00
1.3575324141e+02 4.1036418429e+01 5.1369433387e-15 2.0978271408e+01
1.4063285668e+02 4.1082487050e+01 5.0444034347e-15 4.9392394181e+00
1.4364081145e+02 4.0760876870e+01 5.1665718940e-15 -4.1818080253e+00
1.4838951283e+02 3.8840072230e+01 5.1111627208e-15 -1.8822565207e+01
