-2.3192150377e+02 1.4701382794e+01 1.6986297473e-14 -1.1380357212e+00
-2.2723609591e+02 1.3354107436e+01 1.6152354527e-14 6.4167903176e+00
-2.2167470916e+02 1.2423705761e+01 1.5674217106e-14 1.0075404533e+01
-2.1500526263e+02 1.0887479123e+01 1.5528263657e-14 8.6017775370e+00
-2.1195715995e+02 1.0298033452e+01 1.5344185490e-14 9.5091011385e+00
-2.0739717872e+02 9.3630072096e+00 1.5476497384e-14 8.2394669097e+00
-2.0171504874e+02 8.2398985318e+00 1.5466776427e-14 6.8222089326e+00
-1.9752272820e+02 7.2937207457e+00 1.5357011333e-14 3.7864415433e+00
-1.9321771112e+02 6.1562580770e+00 1.5662425318e-14 1.4720998449e+00
-1.8860472214e+02 4.8653891142e+00 1.5558644007e-14 9.5468064672e-01
-1.8510198016e+02 4.0035087402e+00 1.5012851487e-14 2.7220786856e+00
-1.7913914747e+02 2.7289608372e+00 1.5083976362e-14 1.8916034800e+00
-1.7543506799e+02 1.7767769577e+00 1.4767425375e-14 1.2814598644e+00
-1.7062571319e+02 6.6612410139e-01 1.3642395680e-14 1.9636952594e+00
-1.6727138739e+02 -6.1760398077e-02 1.3082702856e-14 3.1001150692e+00
-1.6281906384e+02 -8.5572341904e-01 1.2465920428e-14 3.1030310671e+00
-1.5705371248e+02 -1.9645165674e+00 1.2009515144e-14 2.9215927587e+00
-1.5185208101e+02 -2.7280506658e+00 1.2045558453e-14 5.2117733095e+00
-1.4631935237e+02 -3.3282495492e+00 1.1789888204e-14 7.3178493322e+00
-1.4285521073e+02 -3.6132613901e+00 1.1652730934e-14 5.4734165147e+00
-1.3983706697e+02 -4.0271341113e+00 1.1632952927e-14 3.7552948366e+00
-1.3638217152e+02 -4.4110483766e+00 1.1668213618e-14 4.9011325519e+00
-1.3105688385e+02 -4.9065962450e+00 1.1592560468e-14 8.7348287759e+00
-1.2782062585e+02 -4.9538153047e+00 1.1501587691e-14 9.7756393189e+00
-1.2468672447e+02 -5.0341853427e+00 1.1495970475e-14 8.2868760884e+00
-1.1948474851e+02 -5.2831610965e+00 1.0763098384e-14 4.6450878961e+00
-1.1577190285e+02 -5.4767783723e+00 9.6581716713e-15 6.2185072452e+00
-1.0990746925e+02 -4.9127719257e+00 8.3997816476e-15 4.2859860822e+00
-1.0565108570e+02 -4.2150554098e+00 8.2354535372e-15 5.9476814531e+00
-1.0252722093e+02 -3.3840857472e+00 8.3215092901e-15 4.7984037018e+00
-9.5731280910e+01 -1.7104792227e+00 8.4958348151e-15 5.1972100713e+00
-9.1895191089e+01 -2.3135778392e-02 8.5599075048e-15 1.4209303850e+01
-8.8356361974e+01 2.1822334213e+00 8.6812802817e-15 1.5044729574e+01
-8.2122029525e+01 5.3472649023e+00 8.6809774433e-15 6.2191099949e+00
-7.7109896836e+01 7.5415149301e+00 8.4961704686e-15 7.6886973057e+00
-7.3996226230e+01 9.1875814830e+00 8.0023446634e-15 2.2349011439e+01
-7.0958466432e+01 1.1433954882e+01 7.6613373512e-15 2.2444072742e+01
-6.6084522171e+01 1.3483715663e+01 7.5986690468e-15 6.0822393461e+00
-6.1444366700e+01 1.5027086553e+01 7.4842022789e-15 8.5470086745e+00
-5.7932956777e+01 1.6367042479e+01 7.3833545793e-15 9.5191788274e+00
-5.4146649010e+01 1.7801596772e+01 7.2698496292e-15 9.0097162982e+00
-5.0980649917e+01 1.9002227978e+01 7.1161805517e-15 8.2677808143e+00
-4.4438619804e+01 2.1253090725e+01 6.9259120073e-15 6.4474274902e+00
-4.0644509350e+01 2.2585537489e+01 6.9994299990e-15 8.1317886613e+00
-3.6405159413e+01 2.4210200554e+01 7.0455946813e-15 8.5752367270e+00
-3.2916647052e+01 2.5495574764e+01 7.0910139473e-15 7.0417174971e+00
-2.9003084127e+01 2.6791063906e+01 7.1078606169e-15 4.6987635580e+00
-2.4250515367e+01 2.8118583735e+01 7.1891842124e-15 3.0982195978e+00
-2.1116659069e+01 2.8970012304e+01 7.1793011534e-15 2.6601612454e+00
-1.4653766489e+01 3.0613726203e+01 7.1143514066e-15 2.8354847793e+00
-1.0661296672e+01 3.1695885355e+01 7.0370492569e-15 3.8295476528e+00
-6.6317277639e+00 3.2772092616e+01 7.0409375669e-15 3.4214736561e+00
-9.8750207670e-01 3.4250842769e+01 7.0319145720e-15 2.6786178079e+00
2.8378446867e+00 3.5201519338e+01 7.0972248108e-15 3.4546989381e+00
6.4476972569e+00 3.6114724846e+01 7.0254191678e-15 3.4059836878e+00
1.4685442740e+01 3.8047476746e+01 6.8440136055e-15 3.3462559678e+00
1.8892470205e+01 3.9047508644e+01 6.7380088212e-15 3.6836964061e+00
2.2560017384e+01 3.9865898020e+01 6.6462830877e-15 2.6481562299e+00
2.7066394720e+01 4.0794617494e+01 6.4702848034e-15 5.6187695668e+00
3.0766862676e+01 4.1739433696e+01 6.4008925213e-15 7.0637110314e+00
3.5017473997e+01 4.2634216528e+01 6.5694795176e-15 8.9648786596e+00
3.9838134063e+01 4.3906525132e+01 6.5311454627e-15 1.1248789600e+01
4.3961524305e+01 4.4870786786e+01 6.4518608448e-15 9.4928275126e+00
4.8349254222e+01 4.5894883276e+01 6.3428798076e-15 1.2405798936e+01
5.3172440849e+01 4.7250961063e+01 6.1908798894e-15 1.0704386463e+01
5.8576764104e+01 4.8166974531e+01 6.3364119063e-15 6.0149593360e+00
6.1612972509e+01 4.8651765618e+01 6.4521936392e-15 1.0047942035e+01
6.5318538921e+01 4.9357238299e+01 6.3596398671e-15 1.1035950506e+01
7.0186775753e+01 4.9989657306e+01 6.2322673935e-15 6.2927152009e+00
7.3966907668e+01 5.0351838587e+01 6.3107862159e-15 8.1282144006e+00
7.7821884479e+01 5.0731438893e+01 6.0467581661e-15 6.1700903677e+00
8.1390191138e+01 5.1016985554e+01 5.9364429789e-15 9.6975159539e+00
8.7026987152e+01 5.1976048070e+01 5.0549049684e-15 1.7369479430e+01
9.5594170366e+01 5.3442780653e+01 4.5312982069e-15 2.2406547876e+01
1.0123210116e+02 5.4855220970e+01 4.6657116995e-15 2.5658269941e+01
1.0482108160e+02 5.5763783182e+01 4.7395524716e-15 2.4872084383e+01
1.0888672338e+02 5.6871890939e+01 4.8890652748e-15 2.8517205732e+01
1.1364356408e+02 5.8529612336e+01 4.9190481052e-15 2.5285284787e+01
1.1801369160e+02 5.9546057207e+01 4.9311024471e-15 1.2405595517e+01
1.2169248616e+02 6.0738215271e+01 4.8253247779e-15 1.6988810748e+01
